camada_1
entrada 2
saida  7
W
0.643356 -0.986615
-0.444207 0.906455
-2.498634 -0.643056
2.171741 -0.812578
0.262945 1.897282
0.651757 -2.095748
-1.557887 -1.221350
b
0.095259 -0.472689 -0.273816 0.855231 -0.992486 -1.805568 -0.050314
ativacao sigmoid
--
camada_2
entrada 7
saida  5
W
0.801322 -1.110100 -1.930095 -1.067837 0.195388 0.324626 -0.853186
2.218558 -0.277520 -0.379586 0.339350 -2.015450 3.121926 0.268589
-1.048933 1.363535 1.973505 -2.419820 -0.448695 0.829926 1.578244
-0.476275 -1.383726 0.669346 0.321577 -0.818643 1.325002 1.815488
1.518325 0.054285 -0.544776 1.167203 -1.575698 1.301909 -0.444363
b
-3.085000 -0.914110 -0.851962 -0.929940 0.372099
ativacao sigmoid
--
camada_3
entrada 5
saida  3
W
-1.179813 -0.799198 -2.564090 -1.610373 -0.128633
0.957172 2.461632 -1.010900 2.334004 0.352930
0.651731 -2.160059 3.674912 0.724356 -3.043473
b
1.581258 -1.659804 -0.512087
ativacao sigmoid
--
camada_4
entrada 3
saida  10
W
-2.808292 -0.627833 0.403290
0.935039 -1.024866 -1.297155
1.317539 -2.852804 -1.486789
0.077399 0.646238 -2.435622
-1.454225 1.534402 -1.500548
-2.003153 1.534996 -3.106141
-0.574253 -3.040725 3.851532
-0.262007 -3.724257 2.276050
0.588075 -0.960786 -0.997634
0.143698 1.111517 -2.091842
b
-1.014786 -1.590974 -0.985287 -1.866414 -2.175178 -1.633153 -2.849494 -1.379763 -1.858463 -2.507016
ativacao sigmoid
--
